{
 "cells": [
  {
   "cell_type": "code",
   "execution_count": 1,
   "id": "05ba8c9c-545e-4a9d-abd0-84d6af08d9ec",
   "metadata": {},
   "outputs": [],
   "source": [
    "import pandas as pd\n",
    "import numpy as np\n",
    "import os\n",
    "from tqdm import tqdm\n",
    "import math\n",
    "\n",
    "from scipy.spatial.distance import pdist\n",
    "from scipy import linalg\n",
    "\n",
    "import matplotlib.pyplot as plt\n",
    "\n",
    "from sklearn.cluster import KMeans\n",
    "from sklearn.metrics import silhouette_score\n",
    "from sklearn.metrics import adjusted_rand_score\n",
    "\n",
    "from sklearn.datasets import load_iris\n",
    "\n",
    "from time import time\n",
    "import psutil\n",
    "from memory_profiler import memory_usage, profile"
   ]
  },
  {
   "cell_type": "code",
   "execution_count": 2,
   "id": "4dd6cb48-6308-4653-806e-6bebe0fbb65a",
   "metadata": {},
   "outputs": [],
   "source": [
    "# iris = load_iris()\n",
    "# data_df = pd.DataFrame(data= np.c_[iris['data'], iris['target']],\n",
    "#                      columns= iris['feature_names'] + ['target'])\n",
    "\n",
    "# data_df"
   ]
  },
  {
   "cell_type": "code",
   "execution_count": 3,
   "id": "8846ae81-3196-4f6d-9748-1144e8ade72f",
   "metadata": {},
   "outputs": [],
   "source": [
    "# data_df.columns = [\"sepal_length\", \"sepal_width\", \"petal_length\", \"petal_width\", \"target\"]\n",
    "# data_df.to_csv(\"d1.csv\")"
   ]
  },
  {
   "cell_type": "markdown",
   "id": "b09f21c1-1dea-42b5-98df-790ebd833806",
   "metadata": {},
   "source": [
    "## Data Import"
   ]
  },
  {
   "cell_type": "code",
   "execution_count": 4,
   "id": "5b147842-8135-4f9c-bf76-78fecce740c0",
   "metadata": {},
   "outputs": [],
   "source": [
    "data = pd.read_csv(\"d1.csv\", index_col=0)"
   ]
  },
  {
   "cell_type": "code",
   "execution_count": 5,
   "id": "96ffbb42-a7af-4001-b896-ce5bb43ae252",
   "metadata": {},
   "outputs": [
    {
     "data": {
      "text/html": [
       "<div>\n",
       "<style scoped>\n",
       "    .dataframe tbody tr th:only-of-type {\n",
       "        vertical-align: middle;\n",
       "    }\n",
       "\n",
       "    .dataframe tbody tr th {\n",
       "        vertical-align: top;\n",
       "    }\n",
       "\n",
       "    .dataframe thead th {\n",
       "        text-align: right;\n",
       "    }\n",
       "</style>\n",
       "<table border=\"1\" class=\"dataframe\">\n",
       "  <thead>\n",
       "    <tr style=\"text-align: right;\">\n",
       "      <th></th>\n",
       "      <th>sepal_length</th>\n",
       "      <th>sepal_width</th>\n",
       "      <th>petal_length</th>\n",
       "      <th>petal_width</th>\n",
       "    </tr>\n",
       "    <tr>\n",
       "      <th>index</th>\n",
       "      <th></th>\n",
       "      <th></th>\n",
       "      <th></th>\n",
       "      <th></th>\n",
       "    </tr>\n",
       "  </thead>\n",
       "  <tbody>\n",
       "    <tr>\n",
       "      <th>0</th>\n",
       "      <td>5.1</td>\n",
       "      <td>3.5</td>\n",
       "      <td>1.4</td>\n",
       "      <td>0.2</td>\n",
       "    </tr>\n",
       "    <tr>\n",
       "      <th>1</th>\n",
       "      <td>4.9</td>\n",
       "      <td>3.0</td>\n",
       "      <td>1.4</td>\n",
       "      <td>0.2</td>\n",
       "    </tr>\n",
       "    <tr>\n",
       "      <th>2</th>\n",
       "      <td>4.7</td>\n",
       "      <td>3.2</td>\n",
       "      <td>1.3</td>\n",
       "      <td>0.2</td>\n",
       "    </tr>\n",
       "    <tr>\n",
       "      <th>3</th>\n",
       "      <td>4.6</td>\n",
       "      <td>3.1</td>\n",
       "      <td>1.5</td>\n",
       "      <td>0.2</td>\n",
       "    </tr>\n",
       "    <tr>\n",
       "      <th>4</th>\n",
       "      <td>5.0</td>\n",
       "      <td>3.6</td>\n",
       "      <td>1.4</td>\n",
       "      <td>0.2</td>\n",
       "    </tr>\n",
       "    <tr>\n",
       "      <th>...</th>\n",
       "      <td>...</td>\n",
       "      <td>...</td>\n",
       "      <td>...</td>\n",
       "      <td>...</td>\n",
       "    </tr>\n",
       "    <tr>\n",
       "      <th>145</th>\n",
       "      <td>6.7</td>\n",
       "      <td>3.0</td>\n",
       "      <td>5.2</td>\n",
       "      <td>2.3</td>\n",
       "    </tr>\n",
       "    <tr>\n",
       "      <th>146</th>\n",
       "      <td>6.3</td>\n",
       "      <td>2.5</td>\n",
       "      <td>5.0</td>\n",
       "      <td>1.9</td>\n",
       "    </tr>\n",
       "    <tr>\n",
       "      <th>147</th>\n",
       "      <td>6.5</td>\n",
       "      <td>3.0</td>\n",
       "      <td>5.2</td>\n",
       "      <td>2.0</td>\n",
       "    </tr>\n",
       "    <tr>\n",
       "      <th>148</th>\n",
       "      <td>6.2</td>\n",
       "      <td>3.4</td>\n",
       "      <td>5.4</td>\n",
       "      <td>2.3</td>\n",
       "    </tr>\n",
       "    <tr>\n",
       "      <th>149</th>\n",
       "      <td>5.9</td>\n",
       "      <td>3.0</td>\n",
       "      <td>5.1</td>\n",
       "      <td>1.8</td>\n",
       "    </tr>\n",
       "  </tbody>\n",
       "</table>\n",
       "<p>150 rows × 4 columns</p>\n",
       "</div>"
      ],
      "text/plain": [
       "       sepal_length  sepal_width  petal_length  petal_width\n",
       "index                                                      \n",
       "0               5.1          3.5           1.4          0.2\n",
       "1               4.9          3.0           1.4          0.2\n",
       "2               4.7          3.2           1.3          0.2\n",
       "3               4.6          3.1           1.5          0.2\n",
       "4               5.0          3.6           1.4          0.2\n",
       "...             ...          ...           ...          ...\n",
       "145             6.7          3.0           5.2          2.3\n",
       "146             6.3          2.5           5.0          1.9\n",
       "147             6.5          3.0           5.2          2.0\n",
       "148             6.2          3.4           5.4          2.3\n",
       "149             5.9          3.0           5.1          1.8\n",
       "\n",
       "[150 rows x 4 columns]"
      ]
     },
     "execution_count": 5,
     "metadata": {},
     "output_type": "execute_result"
    }
   ],
   "source": [
    "data_df = data.drop([\"target\"], axis=1)\n",
    "data_df"
   ]
  },
  {
   "cell_type": "code",
   "execution_count": 6,
   "id": "4016f7fd-652c-480e-bcf1-4da0a8b06583",
   "metadata": {
    "scrolled": true
   },
   "outputs": [
    {
     "data": {
      "text/plain": [
       "{0.0, 1.0, 2.0}"
      ]
     },
     "execution_count": 6,
     "metadata": {},
     "output_type": "execute_result"
    }
   ],
   "source": [
    "# data[\"target\"], class_mappings = pd.factorize(data[\"target\"])\n",
    "labels = data[\"target\"].tolist()\n",
    "set(labels)"
   ]
  },
  {
   "cell_type": "code",
   "execution_count": 8,
   "id": "172e40ec-32ab-43e0-8489-86691e3f0663",
   "metadata": {},
   "outputs": [],
   "source": [
    "# class_counts = data['target'].value_counts()\n",
    "\n",
    "# subset_rows = []\n",
    "# for label, count in class_counts.items():\n",
    "#     subset_rows.append(data[data['target'] == label].sample(n=round(20 * count / len(data)), random_state=42))\n",
    "\n",
    "# # Concatenate the subsets to create the final subset DataFrame\n",
    "# subset_df = pd.concat(subset_rows)\n",
    "\n",
    "# subset_df = subset_df.sample(frac=1, random_state=42).reset_index(drop=True)"
   ]
  },
  {
   "cell_type": "code",
   "execution_count": 11,
   "id": "0be501d6-3801-41e6-b3be-2aa742734355",
   "metadata": {},
   "outputs": [
    {
     "data": {
      "text/html": [
       "<div>\n",
       "<style scoped>\n",
       "    .dataframe tbody tr th:only-of-type {\n",
       "        vertical-align: middle;\n",
       "    }\n",
       "\n",
       "    .dataframe tbody tr th {\n",
       "        vertical-align: top;\n",
       "    }\n",
       "\n",
       "    .dataframe thead th {\n",
       "        text-align: right;\n",
       "    }\n",
       "</style>\n",
       "<table border=\"1\" class=\"dataframe\">\n",
       "  <thead>\n",
       "    <tr style=\"text-align: right;\">\n",
       "      <th></th>\n",
       "      <th>sepal_length</th>\n",
       "      <th>sepal_width</th>\n",
       "      <th>petal_length</th>\n",
       "      <th>petal_width</th>\n",
       "      <th>target</th>\n",
       "    </tr>\n",
       "  </thead>\n",
       "  <tbody>\n",
       "    <tr>\n",
       "      <th>0</th>\n",
       "      <td>4.3</td>\n",
       "      <td>3.0</td>\n",
       "      <td>1.1</td>\n",
       "      <td>0.1</td>\n",
       "      <td>0.0</td>\n",
       "    </tr>\n",
       "    <tr>\n",
       "      <th>1</th>\n",
       "      <td>6.7</td>\n",
       "      <td>3.0</td>\n",
       "      <td>5.2</td>\n",
       "      <td>2.3</td>\n",
       "      <td>2.0</td>\n",
       "    </tr>\n",
       "    <tr>\n",
       "      <th>2</th>\n",
       "      <td>6.9</td>\n",
       "      <td>3.1</td>\n",
       "      <td>5.4</td>\n",
       "      <td>2.1</td>\n",
       "      <td>2.0</td>\n",
       "    </tr>\n",
       "    <tr>\n",
       "      <th>3</th>\n",
       "      <td>5.1</td>\n",
       "      <td>3.4</td>\n",
       "      <td>1.5</td>\n",
       "      <td>0.2</td>\n",
       "      <td>0.0</td>\n",
       "    </tr>\n",
       "    <tr>\n",
       "      <th>4</th>\n",
       "      <td>5.5</td>\n",
       "      <td>2.5</td>\n",
       "      <td>4.0</td>\n",
       "      <td>1.3</td>\n",
       "      <td>1.0</td>\n",
       "    </tr>\n",
       "    <tr>\n",
       "      <th>5</th>\n",
       "      <td>5.3</td>\n",
       "      <td>3.7</td>\n",
       "      <td>1.5</td>\n",
       "      <td>0.2</td>\n",
       "      <td>0.0</td>\n",
       "    </tr>\n",
       "    <tr>\n",
       "      <th>6</th>\n",
       "      <td>5.8</td>\n",
       "      <td>2.7</td>\n",
       "      <td>4.1</td>\n",
       "      <td>1.0</td>\n",
       "      <td>1.0</td>\n",
       "    </tr>\n",
       "    <tr>\n",
       "      <th>7</th>\n",
       "      <td>4.8</td>\n",
       "      <td>3.0</td>\n",
       "      <td>1.4</td>\n",
       "      <td>0.3</td>\n",
       "      <td>0.0</td>\n",
       "    </tr>\n",
       "    <tr>\n",
       "      <th>8</th>\n",
       "      <td>7.7</td>\n",
       "      <td>3.8</td>\n",
       "      <td>6.7</td>\n",
       "      <td>2.2</td>\n",
       "      <td>2.0</td>\n",
       "    </tr>\n",
       "    <tr>\n",
       "      <th>9</th>\n",
       "      <td>7.4</td>\n",
       "      <td>2.8</td>\n",
       "      <td>6.1</td>\n",
       "      <td>1.9</td>\n",
       "      <td>2.0</td>\n",
       "    </tr>\n",
       "    <tr>\n",
       "      <th>10</th>\n",
       "      <td>6.8</td>\n",
       "      <td>2.8</td>\n",
       "      <td>4.8</td>\n",
       "      <td>1.4</td>\n",
       "      <td>1.0</td>\n",
       "    </tr>\n",
       "    <tr>\n",
       "      <th>11</th>\n",
       "      <td>4.8</td>\n",
       "      <td>3.1</td>\n",
       "      <td>1.6</td>\n",
       "      <td>0.2</td>\n",
       "      <td>0.0</td>\n",
       "    </tr>\n",
       "    <tr>\n",
       "      <th>12</th>\n",
       "      <td>5.5</td>\n",
       "      <td>2.4</td>\n",
       "      <td>3.8</td>\n",
       "      <td>1.1</td>\n",
       "      <td>1.0</td>\n",
       "    </tr>\n",
       "    <tr>\n",
       "      <th>13</th>\n",
       "      <td>6.2</td>\n",
       "      <td>2.8</td>\n",
       "      <td>4.8</td>\n",
       "      <td>1.8</td>\n",
       "      <td>2.0</td>\n",
       "    </tr>\n",
       "    <tr>\n",
       "      <th>14</th>\n",
       "      <td>5.1</td>\n",
       "      <td>3.5</td>\n",
       "      <td>1.4</td>\n",
       "      <td>0.3</td>\n",
       "      <td>0.0</td>\n",
       "    </tr>\n",
       "    <tr>\n",
       "      <th>15</th>\n",
       "      <td>5.1</td>\n",
       "      <td>2.5</td>\n",
       "      <td>3.0</td>\n",
       "      <td>1.1</td>\n",
       "      <td>1.0</td>\n",
       "    </tr>\n",
       "    <tr>\n",
       "      <th>16</th>\n",
       "      <td>6.1</td>\n",
       "      <td>2.9</td>\n",
       "      <td>4.7</td>\n",
       "      <td>1.4</td>\n",
       "      <td>1.0</td>\n",
       "    </tr>\n",
       "    <tr>\n",
       "      <th>17</th>\n",
       "      <td>5.7</td>\n",
       "      <td>3.0</td>\n",
       "      <td>4.2</td>\n",
       "      <td>1.2</td>\n",
       "      <td>1.0</td>\n",
       "    </tr>\n",
       "    <tr>\n",
       "      <th>18</th>\n",
       "      <td>5.7</td>\n",
       "      <td>2.5</td>\n",
       "      <td>5.0</td>\n",
       "      <td>2.0</td>\n",
       "      <td>2.0</td>\n",
       "    </tr>\n",
       "    <tr>\n",
       "      <th>19</th>\n",
       "      <td>6.2</td>\n",
       "      <td>3.4</td>\n",
       "      <td>5.4</td>\n",
       "      <td>2.3</td>\n",
       "      <td>2.0</td>\n",
       "    </tr>\n",
       "    <tr>\n",
       "      <th>20</th>\n",
       "      <td>5.0</td>\n",
       "      <td>3.4</td>\n",
       "      <td>1.6</td>\n",
       "      <td>0.4</td>\n",
       "      <td>0.0</td>\n",
       "    </tr>\n",
       "  </tbody>\n",
       "</table>\n",
       "</div>"
      ],
      "text/plain": [
       "    sepal_length  sepal_width  petal_length  petal_width  target\n",
       "0            4.3          3.0           1.1          0.1     0.0\n",
       "1            6.7          3.0           5.2          2.3     2.0\n",
       "2            6.9          3.1           5.4          2.1     2.0\n",
       "3            5.1          3.4           1.5          0.2     0.0\n",
       "4            5.5          2.5           4.0          1.3     1.0\n",
       "5            5.3          3.7           1.5          0.2     0.0\n",
       "6            5.8          2.7           4.1          1.0     1.0\n",
       "7            4.8          3.0           1.4          0.3     0.0\n",
       "8            7.7          3.8           6.7          2.2     2.0\n",
       "9            7.4          2.8           6.1          1.9     2.0\n",
       "10           6.8          2.8           4.8          1.4     1.0\n",
       "11           4.8          3.1           1.6          0.2     0.0\n",
       "12           5.5          2.4           3.8          1.1     1.0\n",
       "13           6.2          2.8           4.8          1.8     2.0\n",
       "14           5.1          3.5           1.4          0.3     0.0\n",
       "15           5.1          2.5           3.0          1.1     1.0\n",
       "16           6.1          2.9           4.7          1.4     1.0\n",
       "17           5.7          3.0           4.2          1.2     1.0\n",
       "18           5.7          2.5           5.0          2.0     2.0\n",
       "19           6.2          3.4           5.4          2.3     2.0\n",
       "20           5.0          3.4           1.6          0.4     0.0"
      ]
     },
     "execution_count": 11,
     "metadata": {},
     "output_type": "execute_result"
    }
   ],
   "source": [
    "data_df = subset_df\n",
    "data_df"
   ]
  },
  {
   "cell_type": "code",
   "execution_count": 10,
   "id": "f2710ea4-8bd6-4755-8786-326434b832ef",
   "metadata": {},
   "outputs": [],
   "source": [
    "# subset_df.to_csv('iris_small.csv')"
   ]
  },
  {
   "cell_type": "code",
   "execution_count": null,
   "id": "3ec5236d-73e6-444a-92fd-4c8bd2fc9ecf",
   "metadata": {},
   "outputs": [],
   "source": []
  },
  {
   "cell_type": "code",
   "execution_count": 23,
   "id": "82c1127f-253c-43e9-ba67-f1237e820798",
   "metadata": {},
   "outputs": [
    {
     "name": "stderr",
     "output_type": "stream",
     "text": [
      "100%|███████████████████████████████████████████████████████████████████████████████| 21/21 [00:00<00:00, 21178.26it/s]\n",
      "100%|███████████████████████████████████████████████████████████████████████████████| 21/21 [00:00<00:00, 20872.13it/s]\n",
      "100%|███████████████████████████████████████████████████████████████████████████████| 21/21 [00:00<00:00, 13179.77it/s]\n"
     ]
    }
   ],
   "source": [
    "# Pairwise distances\n",
    "dimension = data_df.shape[0]\n",
    "dist_ = pdist(data_df)\n",
    "dist_mat = np.zeros([dimension, dimension])\n",
    "dist = iter(dist_)\n",
    "for i in tqdm(range(dimension)):\n",
    "    for j in range(i+1, dimension):  \n",
    "        d = next(dist)\n",
    "        dist_mat[i,j] = d\n",
    "        dist_mat[j,i] = d\n",
    "\n",
    "#calculate local sigma\n",
    "sigmas = np.zeros(dimension)\n",
    "for i in tqdm(range(len(dist_mat))):\n",
    "    sigmas[i] = sorted(dist_mat[i])[7]\n",
    "\n",
    "# Adjaceny matrix with optimal sigma\n",
    "adjacency_matrix = np.zeros([dimension, dimension])\n",
    "dist = iter(dist_)\n",
    "for i in tqdm(range(dimension)):\n",
    "    for j in range(i+1, dimension):  \n",
    "        d = np.exp(-1*next(dist)**2/(sigmas[i]*sigmas[j]))\n",
    "        adjacency_matrix[i,j] = d\n",
    "        adjacency_matrix[j,i] = d"
   ]
  },
  {
   "cell_type": "code",
   "execution_count": 22,
   "id": "4a5618e7-038e-4ba0-b70e-6972406bc850",
   "metadata": {},
   "outputs": [
    {
     "data": {
      "text/plain": [
       "array([[0.    , 0.0004, 0.0003, 0.8416, 0.0437, 0.7583, 0.0333, 0.9324, 0.001 , 0.0003, 0.0033, 0.9055, 0.0859, 0.0012, 0.8391, 0.2912, 0.0038, 0.0231, 0.0021, 0.0008, 0.8287],\n",
       "       [0.0004, 0.    , 0.9502, 0.0007, 0.1232, 0.0012, 0.1313, 0.0004, 0.4265, 0.6253, 0.4355, 0.0004, 0.106 , 0.7285, 0.0008, 0.0436, 0.3098, 0.1523, 0.5732, 0.8438, 0.0007],\n",
       "       [0.0003, 0.9502, 0.    , 0.0007, 0.0993, 0.0012, 0.1188, 0.0003, 0.5538, 0.7708, 0.4644, 0.0004, 0.0884, 0.6405, 0.0008, 0.0344, 0.2935, 0.1343, 0.468 , 0.7996, 0.0006],\n",
       "       [0.8416, 0.0007, 0.0007, 0.    , 0.0659, 0.9753, 0.0606, 0.9442, 0.0015, 0.0006, 0.0081, 0.959 , 0.121 , 0.0023, 0.9941, 0.3437, 0.0087, 0.0452, 0.0028, 0.0013, 0.9869],\n",
       "       [0.0437, 0.1232, 0.0993, 0.0659, 0.    , 0.0681, 0.908 , 0.0586, 0.0338, 0.0529, 0.3709, 0.0651, 0.9682, 0.33  , 0.0628, 0.6911, 0.614 , 0.8601, 0.3635, 0.1396, 0.0701],\n",
       "       [0.7583, 0.0012, 0.0012, 0.9753, 0.0681, 0.    , 0.067 , 0.8594, 0.0027, 0.001 , 0.0115, 0.8797, 0.1204, 0.0033, 0.9815, 0.3201, 0.0116, 0.0527, 0.0036, 0.0022, 0.9538],\n",
       "       [0.0333, 0.1313, 0.1188, 0.0606, 0.908 , 0.067 , 0.    , 0.0472, 0.0429, 0.0675, 0.4955, 0.0548, 0.9011, 0.3431, 0.057 , 0.5721, 0.7246, 0.9334, 0.3056, 0.1421, 0.0615],\n",
       "       [0.9324, 0.0004, 0.0003, 0.9442, 0.0586, 0.8594, 0.0472, 0.    , 0.0008, 0.0003, 0.0047, 0.9864, 0.1125, 0.0014, 0.9324, 0.3566, 0.0054, 0.0327, 0.0021, 0.0007, 0.9448],\n",
       "       [0.001 , 0.4265, 0.5538, 0.0015, 0.0338, 0.0027, 0.0429, 0.0008, 0.    , 0.7742, 0.2138, 0.0008, 0.0351, 0.1852, 0.0017, 0.0181, 0.0996, 0.0469, 0.1579, 0.4389, 0.0012],\n",
       "       [0.0003, 0.6253, 0.7708, 0.0006, 0.0529, 0.001 , 0.0675, 0.0003, 0.7742, 0.    , 0.3559, 0.0003, 0.0525, 0.3394, 0.0006, 0.0197, 0.1652, 0.0652, 0.2757, 0.495 , 0.0005],\n",
       "       [0.0033, 0.4355, 0.4644, 0.0081, 0.3709, 0.0115, 0.4955, 0.0047, 0.2138, 0.3559, 0.    , 0.0053, 0.345 , 0.5027, 0.008 , 0.141 , 0.782 , 0.4783, 0.3366, 0.336 , 0.0073],\n",
       "       [0.9055, 0.0004, 0.0004, 0.959 , 0.0651, 0.8797, 0.0548, 0.9864, 0.0008, 0.0003, 0.0053, 0.    , 0.1229, 0.0015, 0.938 , 0.37  , 0.0065, 0.0388, 0.0022, 0.0008, 0.9607],\n",
       "       [0.0859, 0.106 , 0.0884, 0.121 , 0.9682, 0.1204, 0.9011, 0.1125, 0.0351, 0.0525, 0.345 , 0.1229, 0.    , 0.2865, 0.1141, 0.8015, 0.527 , 0.7992, 0.3101, 0.116 , 0.1262],\n",
       "       [0.0012, 0.7285, 0.6405, 0.0023, 0.33  , 0.0033, 0.3431, 0.0014, 0.1852, 0.3394, 0.5027, 0.0015, 0.2865, 0.    , 0.0024, 0.1277, 0.5321, 0.3724, 0.8301, 0.6687, 0.0021],\n",
       "       [0.8391, 0.0008, 0.0008, 0.9941, 0.0628, 0.9815, 0.057 , 0.9324, 0.0017, 0.0006, 0.008 , 0.938 , 0.1141, 0.0024, 0.    , 0.3317, 0.0085, 0.0435, 0.0029, 0.0015, 0.9853],\n",
       "       [0.2912, 0.0436, 0.0344, 0.3437, 0.6911, 0.3201, 0.5721, 0.3566, 0.0181, 0.0197, 0.141 , 0.37  , 0.8015, 0.1277, 0.3317, 0.    , 0.2218, 0.4993, 0.153 , 0.0545, 0.3679],\n",
       "       [0.0038, 0.3098, 0.2935, 0.0087, 0.614 , 0.0116, 0.7246, 0.0054, 0.0996, 0.1652, 0.782 , 0.0065, 0.527 , 0.5321, 0.0085, 0.2218, 0.    , 0.7859, 0.4333, 0.3224, 0.0086],\n",
       "       [0.0231, 0.1523, 0.1343, 0.0452, 0.8601, 0.0527, 0.9334, 0.0327, 0.0469, 0.0652, 0.4783, 0.0388, 0.7992, 0.3724, 0.0435, 0.4993, 0.7859, 0.    , 0.3301, 0.1894, 0.0473],\n",
       "       [0.0021, 0.5732, 0.468 , 0.0028, 0.3635, 0.0036, 0.3056, 0.0021, 0.1579, 0.2757, 0.3366, 0.0022, 0.3101, 0.8301, 0.0029, 0.153 , 0.4333, 0.3301, 0.    , 0.616 , 0.0027],\n",
       "       [0.0008, 0.8438, 0.7996, 0.0013, 0.1396, 0.0022, 0.1421, 0.0007, 0.4389, 0.495 , 0.336 , 0.0008, 0.116 , 0.6687, 0.0015, 0.0545, 0.3224, 0.1894, 0.616 , 0.    , 0.0012],\n",
       "       [0.8287, 0.0007, 0.0006, 0.9869, 0.0701, 0.9538, 0.0615, 0.9448, 0.0012, 0.0005, 0.0073, 0.9607, 0.1262, 0.0021, 0.9853, 0.3679, 0.0086, 0.0473, 0.0027, 0.0012, 0.    ]])"
      ]
     },
     "execution_count": 22,
     "metadata": {},
     "output_type": "execute_result"
    }
   ],
   "source": [
    "np.set_printoptions(suppress=True, linewidth = 1000)\n",
    "np.round(adjacency_matrix, 4)"
   ]
  },
  {
   "cell_type": "code",
   "execution_count": 35,
   "id": "048519a8-e5e9-4e05-b789-b08f5ead6116",
   "metadata": {},
   "outputs": [
    {
     "data": {
      "text/plain": [
       "[0.00029804284569416947,\n",
       " 0.000311641527745493,\n",
       " 0.0003297035461951988,\n",
       " 0.0003358659794835566,\n",
       " 0.0003493428220265189,\n",
       " 0.0003695244318693696,\n",
       " 0.0003716501918325138,\n",
       " 0.0003925291478959904,\n",
       " 0.0004081753420515445,\n",
       " 0.0004515870521447431,\n",
       " 0.0005805992978905465,\n",
       " 0.0005950443328416155,\n",
       " 0.0006315459354639645,\n",
       " 0.0006538180496799945,\n",
       " 0.0006992411783098888,\n",
       " 0.0007354971776137967,\n",
       " 0.0007384082008552239,\n",
       " 0.0007650699446449547,\n",
       " 0.0007747680387036577,\n",
       " 0.0007822133460495365,\n",
       " 0.0008006579937780528,\n",
       " 0.0008131703073490201,\n",
       " 0.0008224347628712164,\n",
       " 0.0009654426005692077,\n",
       " 0.0010106038993859207,\n",
       " 0.0012204668218241154,\n",
       " 0.0012245068727483185,\n",
       " 0.0012266662740719528,\n",
       " 0.0012419932795687174,\n",
       " 0.0012472326205084303,\n",
       " 0.0013353563909751314,\n",
       " 0.0014189965243957814,\n",
       " 0.0014948837455599547,\n",
       " 0.0015397165166512587,\n",
       " 0.0015457020565866149,\n",
       " 0.0017373052916355406,\n",
       " 0.002086524077824754,\n",
       " 0.0020918100128369805,\n",
       " 0.002146037801694076,\n",
       " 0.002181002935374099,\n",
       " 0.0022167931038584283,\n",
       " 0.002289957543271983,\n",
       " 0.0023941520146740286,\n",
       " 0.002716339978732635,\n",
       " 0.0027243671565873122,\n",
       " 0.002778619600920586,\n",
       " 0.002886777288841728,\n",
       " 0.003296950989311943,\n",
       " 0.003332074883462306,\n",
       " 0.0035768195093419607,\n",
       " 0.003802506785506785,\n",
       " 0.004691163461414835,\n",
       " 0.005316750354640511,\n",
       " 0.0054023490594408705,\n",
       " 0.0064605499201062745,\n",
       " 0.007317920655648384,\n",
       " 0.0080299432508513,\n",
       " 0.008069484951844215,\n",
       " 0.008511945182875352,\n",
       " 0.0086156635440176,\n",
       " 0.008698502892920703,\n",
       " 0.011481121023532149,\n",
       " 0.011585054658247,\n",
       " 0.01806868204211998,\n",
       " 0.019703981008525103,\n",
       " 0.023148748745628122,\n",
       " 0.032701090917381825,\n",
       " 0.033340298591841046,\n",
       " 0.033798968044052566,\n",
       " 0.034364646301016925,\n",
       " 0.03514260384146648,\n",
       " 0.038805463492378955,\n",
       " 0.04290812639940811,\n",
       " 0.043507750968463536,\n",
       " 0.04361398285294808,\n",
       " 0.04373416954024883,\n",
       " 0.04517498018244158,\n",
       " 0.04693916954573011,\n",
       " 0.0471512027893701,\n",
       " 0.04729204040297873,\n",
       " 0.0525275409722253,\n",
       " 0.05274036808608934,\n",
       " 0.05285516240205151,\n",
       " 0.0545140478837361,\n",
       " 0.05475527323219686,\n",
       " 0.05695177124066886,\n",
       " 0.058605851092238294,\n",
       " 0.06064694767267147,\n",
       " 0.06148856375896198,\n",
       " 0.06278927982540047,\n",
       " 0.06509586538714385,\n",
       " 0.06522148597228816,\n",
       " 0.06594498547978588,\n",
       " 0.06697815100107021,\n",
       " 0.0674599760585046,\n",
       " 0.06807841827352132,\n",
       " 0.0701339923964634,\n",
       " 0.08588331677999363,\n",
       " 0.08842841054561215,\n",
       " 0.09930326600119041,\n",
       " 0.09959284100858096,\n",
       " 0.10597826136849019,\n",
       " 0.11247221244329708,\n",
       " 0.11413576700496401,\n",
       " 0.11597010069015512,\n",
       " 0.11876370778193657,\n",
       " 0.12038044550324091,\n",
       " 0.12096229663480487,\n",
       " 0.12293998991177561,\n",
       " 0.12319986528412347,\n",
       " 0.1261736937712434,\n",
       " 0.12767283972629162,\n",
       " 0.1312875530001041,\n",
       " 0.13428192451793142,\n",
       " 0.139632694654617,\n",
       " 0.14101343854306672,\n",
       " 0.14213322464124173,\n",
       " 0.15233424683806426,\n",
       " 0.15301767871464975,\n",
       " 0.1578930921857395,\n",
       " 0.16516346140601182,\n",
       " 0.18516711739976263,\n",
       " 0.18938706876287464,\n",
       " 0.21382853256780038,\n",
       " 0.2218147706820153,\n",
       " 0.275700388946449,\n",
       " 0.28654043577464566,\n",
       " 0.29118564879745584,\n",
       " 0.29349414972627585,\n",
       " 0.30555973050526675,\n",
       " 0.30983970408689937,\n",
       " 0.31011361248445424,\n",
       " 0.32012454209474983,\n",
       " 0.3224231424194536,\n",
       " 0.3300412441804017,\n",
       " 0.33014553666060625,\n",
       " 0.33169509437484423,\n",
       " 0.3360314546168978,\n",
       " 0.3365760969521836,\n",
       " 0.3393563527657614,\n",
       " 0.343108144983608,\n",
       " 0.3437127247466689,\n",
       " 0.3449563079237344,\n",
       " 0.35594953587617234,\n",
       " 0.3566032910079002,\n",
       " 0.36346478224142376,\n",
       " 0.36787944117144233,\n",
       " 0.37004599930389703,\n",
       " 0.3708825720729858,\n",
       " 0.372398958659188,\n",
       " 0.42650384838214817,\n",
       " 0.43325717831603805,\n",
       " 0.4354933641301818,\n",
       " 0.43891309093717973,\n",
       " 0.46440805429985577,\n",
       " 0.46795156684350914,\n",
       " 0.47832023593591977,\n",
       " 0.49498782563662574,\n",
       " 0.49550987318943523,\n",
       " 0.4992861804197452,\n",
       " 0.5026964733205024,\n",
       " 0.5270239034251003,\n",
       " 0.5321113141891476,\n",
       " 0.5537698407852037,\n",
       " 0.572112854793793,\n",
       " 0.5731746898067136,\n",
       " 0.6139596110393188,\n",
       " 0.6160268845034474,\n",
       " 0.6252959999018141,\n",
       " 0.6405363547092167,\n",
       " 0.6686718079996823,\n",
       " 0.6910772034290069,\n",
       " 0.7245869838157407,\n",
       " 0.7285233538023459,\n",
       " 0.7583363572093831,\n",
       " 0.7708297199809133,\n",
       " 0.774186467274648,\n",
       " 0.7819907341592629,\n",
       " 0.7859198708175009,\n",
       " 0.7992209513978089,\n",
       " 0.7996225110908357,\n",
       " 0.8015477244114755,\n",
       " 0.8286840200062431,\n",
       " 0.8300679322020741,\n",
       " 0.8390832655650293,\n",
       " 0.8416380005932184,\n",
       " 0.8438260540680836,\n",
       " 0.859382456531595,\n",
       " 0.8600807452718082,\n",
       " 0.8796533893952379,\n",
       " 0.9010533780567614,\n",
       " 0.9054832005546769,\n",
       " 0.9080122928496058,\n",
       " 0.9324161667858144,\n",
       " 0.9324387477086522,\n",
       " 0.9334089828489632,\n",
       " 0.9379658156082845,\n",
       " 0.9441964033649365,\n",
       " 0.9448015624222467,\n",
       " 0.9501525018031224,\n",
       " 0.9538118218830255,\n",
       " 0.9589546729470215,\n",
       " 0.9607435060987148,\n",
       " 0.9681997459559865,\n",
       " 0.9752827249645923,\n",
       " 0.9815411776897892,\n",
       " 0.9852544617796789,\n",
       " 0.986385744641665,\n",
       " 0.9869286978495567,\n",
       " 0.9940562405679805]"
      ]
     },
     "execution_count": 35,
     "metadata": {},
     "output_type": "execute_result"
    }
   ],
   "source": [
    "# Get the dimensions of the adjacency matrix\n",
    "n_rows, n_cols = adjacency_matrix.shape\n",
    "\n",
    "# Initialize an empty set to store the values\n",
    "values_set = set()\n",
    "\n",
    "# Iterate through the upper triangular portion of the matrix\n",
    "# Exclude the diagonal elements\n",
    "for i in range(n_rows):\n",
    "    for j in range(i + 1, n_cols):  # Start from i+1 to exclude diagonal\n",
    "        values_set.add(adjacency_matrix[i, j])\n",
    "\n",
    "sorted(values_set)"
   ]
  },
  {
   "cell_type": "code",
   "execution_count": 25,
   "id": "2eec2a40-b4ac-4db5-8691-b57068b7c1a3",
   "metadata": {},
   "outputs": [
    {
     "data": {
      "text/plain": [
       "0.0003695244318693696"
      ]
     },
     "execution_count": 25,
     "metadata": {},
     "output_type": "execute_result"
    }
   ],
   "source": [
    "adjacency_matrix[0,1]"
   ]
  },
  {
   "cell_type": "code",
   "execution_count": 27,
   "id": "44c62a2d-b2b7-495f-8d34-f953c301bdb3",
   "metadata": {},
   "outputs": [
    {
     "data": {
      "text/plain": [
       "array([[0.    , 0.0001, 0.0001, 0.141 , 0.0076, 0.1301, 0.0057, 0.158 , 0.0002, 0.0001, 0.0006, 0.1525, 0.0147, 0.0002, 0.1412, 0.0513, 0.0007, 0.004 , 0.0004, 0.0001, 0.1389],\n",
       "       [0.0001, 0.    , 0.1748, 0.0001, 0.0216, 0.0002, 0.0228, 0.0001, 0.1048, 0.1328, 0.081 , 0.0001, 0.0183, 0.1284, 0.0001, 0.0078, 0.0548, 0.0268, 0.1079, 0.1589, 0.0001],\n",
       "       [0.0001, 0.1748, 0.    , 0.0001, 0.0174, 0.0002, 0.0207, 0.0001, 0.1365, 0.1643, 0.0866, 0.0001, 0.0153, 0.1133, 0.0001, 0.0062, 0.0521, 0.0237, 0.0884, 0.151 , 0.0001],\n",
       "       [0.141 , 0.0001, 0.0001, 0.    , 0.0107, 0.1569, 0.0098, 0.15  , 0.0004, 0.0001, 0.0014, 0.1515, 0.0194, 0.0004, 0.1569, 0.0568, 0.0014, 0.0074, 0.0005, 0.0002, 0.1551],\n",
       "       [0.0076, 0.0216, 0.0174, 0.0107, 0.    , 0.0113, 0.1506, 0.0096, 0.0079, 0.0107, 0.0658, 0.0106, 0.1597, 0.0555, 0.0102, 0.1177, 0.1036, 0.1443, 0.0653, 0.0251, 0.0114],\n",
       "       [0.1301, 0.0002, 0.0002, 0.1569, 0.0113, 0.    , 0.011 , 0.1398, 0.0006, 0.0002, 0.002 , 0.1422, 0.0197, 0.0006, 0.1586, 0.0541, 0.0019, 0.0088, 0.0006, 0.0004, 0.1535],\n",
       "       [0.0057, 0.0228, 0.0207, 0.0098, 0.1506, 0.011 , 0.    , 0.0077, 0.01  , 0.0136, 0.0873, 0.0089, 0.1476, 0.0573, 0.0092, 0.0968, 0.1215, 0.1556, 0.0546, 0.0254, 0.0099],\n",
       "       [0.158 , 0.0001, 0.0001, 0.15  , 0.0096, 0.1398, 0.0077, 0.    , 0.0002, 0.0001, 0.0008, 0.1575, 0.0182, 0.0002, 0.1488, 0.0596, 0.0009, 0.0054, 0.0004, 0.0001, 0.1502],\n",
       "       [0.0002, 0.1048, 0.1365, 0.0004, 0.0079, 0.0006, 0.01  , 0.0002, 0.    , 0.2204, 0.0533, 0.0002, 0.0081, 0.0437, 0.0004, 0.0043, 0.0236, 0.0111, 0.0398, 0.1108, 0.0003],\n",
       "       [0.0001, 0.1328, 0.1643, 0.0001, 0.0107, 0.0002, 0.0136, 0.0001, 0.2204, 0.    , 0.0767, 0.0001, 0.0105, 0.0693, 0.0001, 0.0041, 0.0338, 0.0133, 0.0601, 0.108 , 0.0001],\n",
       "       [0.0006, 0.081 , 0.0866, 0.0014, 0.0658, 0.002 , 0.0873, 0.0008, 0.0533, 0.0767, 0.    , 0.0009, 0.0604, 0.0898, 0.0014, 0.0255, 0.1402, 0.0853, 0.0643, 0.0642, 0.0013],\n",
       "       [0.1525, 0.0001, 0.0001, 0.1515, 0.0106, 0.1422, 0.0089, 0.1575, 0.0002, 0.0001, 0.0009, 0.    , 0.0198, 0.0003, 0.1488, 0.0614, 0.0011, 0.0063, 0.0004, 0.0001, 0.1518],\n",
       "       [0.0147, 0.0183, 0.0153, 0.0194, 0.1597, 0.0197, 0.1476, 0.0182, 0.0081, 0.0105, 0.0604, 0.0198, 0.    , 0.0476, 0.0183, 0.1348, 0.0878, 0.1325, 0.055 , 0.0206, 0.0202],\n",
       "       [0.0002, 0.1284, 0.1133, 0.0004, 0.0555, 0.0006, 0.0573, 0.0002, 0.0437, 0.0693, 0.0898, 0.0003, 0.0476, 0.    , 0.0004, 0.0219, 0.0905, 0.063 , 0.1503, 0.1211, 0.0004],\n",
       "       [0.1412, 0.0001, 0.0001, 0.1569, 0.0102, 0.1586, 0.0092, 0.1488, 0.0004, 0.0001, 0.0014, 0.1488, 0.0183, 0.0004, 0.    , 0.055 , 0.0014, 0.0071, 0.0005, 0.0003, 0.1556],\n",
       "       [0.0513, 0.0078, 0.0062, 0.0568, 0.1177, 0.0541, 0.0968, 0.0596, 0.0043, 0.0041, 0.0255, 0.0614, 0.1348, 0.0219, 0.055 , 0.    , 0.0382, 0.0854, 0.028 , 0.01  , 0.0608],\n",
       "       [0.0007, 0.0548, 0.0521, 0.0014, 0.1036, 0.0019, 0.1215, 0.0009, 0.0236, 0.0338, 0.1402, 0.0011, 0.0878, 0.0905, 0.0014, 0.0382, 0.    , 0.1333, 0.0787, 0.0586, 0.0014],\n",
       "       [0.004 , 0.0268, 0.0237, 0.0074, 0.1443, 0.0088, 0.1556, 0.0054, 0.0111, 0.0133, 0.0853, 0.0063, 0.1325, 0.063 , 0.0071, 0.0854, 0.1333, 0.    , 0.0596, 0.0342, 0.0077],\n",
       "       [0.0004, 0.1079, 0.0884, 0.0005, 0.0653, 0.0006, 0.0546, 0.0004, 0.0398, 0.0601, 0.0643, 0.0004, 0.055 , 0.1503, 0.0005, 0.028 , 0.0787, 0.0596, 0.    , 0.1191, 0.0005],\n",
       "       [0.0001, 0.1589, 0.151 , 0.0002, 0.0251, 0.0004, 0.0254, 0.0001, 0.1108, 0.108 , 0.0642, 0.0001, 0.0206, 0.1211, 0.0003, 0.01  , 0.0586, 0.0342, 0.1191, 0.    , 0.0002],\n",
       "       [0.1389, 0.0001, 0.0001, 0.1551, 0.0114, 0.1535, 0.0099, 0.1502, 0.0003, 0.0001, 0.0013, 0.1518, 0.0202, 0.0004, 0.1556, 0.0608, 0.0014, 0.0077, 0.0005, 0.0002, 0.    ]])"
      ]
     },
     "execution_count": 27,
     "metadata": {},
     "output_type": "execute_result"
    }
   ],
   "source": [
    "# Calculate degree matrix\n",
    "degree_matrix = np.sum(adjacency_matrix, axis=0) * np.eye(dimension)\n",
    "\n",
    "# Normalized Symmetric laplacian matrix\n",
    "d_half = linalg.fractional_matrix_power(degree_matrix, -0.5)\n",
    "laplacian_matrix_normalized = np.matmul(np.matmul(d_half, adjacency_matrix), d_half)\n",
    "\n",
    "np.round(laplacian_matrix_normalized, 4)"
   ]
  },
  {
   "cell_type": "code",
   "execution_count": 29,
   "id": "9e4b82aa-673c-4983-868d-4e37b2bd8fde",
   "metadata": {},
   "outputs": [
    {
     "data": {
      "text/plain": [
       "array([[-0.07566574,  0.27961702,  0.21731858],\n",
       "       [-0.26334227, -0.22706133,  0.21453736],\n",
       "       [-0.29440219, -0.22964376,  0.21387567],\n",
       "       [-0.07063572,  0.29172621,  0.2317524 ],\n",
       "       [ 0.34761861, -0.10661017,  0.22481467],\n",
       "       [-0.06643575,  0.28244451,  0.22641826],\n",
       "       [ 0.34314571, -0.11767591,  0.22628002],\n",
       "       [-0.07235873,  0.29083166,  0.2291725 ],\n",
       "       [-0.30124138, -0.17802887,  0.16008024],\n",
       "       [-0.31620326, -0.20425993,  0.18516842],\n",
       "       [ 0.04680195, -0.18246315,  0.21160736],\n",
       "       [-0.06907741,  0.29041451,  0.2305631 ],\n",
       "       [ 0.34025888, -0.07876243,  0.22762674],\n",
       "       [-0.06965933, -0.21049323,  0.22316291],\n",
       "       [-0.07236243,  0.29141635,  0.23070227],\n",
       "       [ 0.23848366,  0.04661139,  0.2204586 ],\n",
       "       [ 0.19442842, -0.17215966,  0.22246303],\n",
       "       [ 0.32518939, -0.12778518,  0.22371256],\n",
       "       [-0.03991086, -0.19151856,  0.20890625],\n",
       "       [-0.23434023, -0.21771511,  0.20889412],\n",
       "       [-0.06734434,  0.29007186,  0.23164186]])"
      ]
     },
     "execution_count": 29,
     "metadata": {},
     "output_type": "execute_result"
    }
   ],
   "source": [
    "# Calculating eigenvalues and eigenvectors\n",
    "e, v = np.linalg.eigh(laplacian_matrix_normalized)\n",
    "\n",
    "# Eigen features for k\n",
    "k = 3\n",
    "X = v[:, -1*k:]\n",
    "\n",
    "X"
   ]
  },
  {
   "cell_type": "code",
   "execution_count": 32,
   "id": "ce67fe42-3d8c-464c-af4e-c65ceef21253",
   "metadata": {},
   "outputs": [
    {
     "ename": "ValueError",
     "evalue": "Length of values (150) does not match length of index (21)",
     "output_type": "error",
     "traceback": [
      "\u001b[1;31m---------------------------------------------------------------------------\u001b[0m",
      "\u001b[1;31mValueError\u001b[0m                                Traceback (most recent call last)",
      "Cell \u001b[1;32mIn[32], line 7\u001b[0m\n\u001b[0;32m      5\u001b[0m final_df \u001b[38;5;241m=\u001b[39m data_df\u001b[38;5;241m.\u001b[39mcopy()\n\u001b[0;32m      6\u001b[0m final_df[\u001b[38;5;124m'\u001b[39m\u001b[38;5;124mc_labels\u001b[39m\u001b[38;5;124m'\u001b[39m] \u001b[38;5;241m=\u001b[39m c_labels\n\u001b[1;32m----> 7\u001b[0m \u001b[43mfinal_df\u001b[49m\u001b[43m[\u001b[49m\u001b[38;5;124;43m'\u001b[39;49m\u001b[38;5;124;43mtarget\u001b[39;49m\u001b[38;5;124;43m'\u001b[39;49m\u001b[43m]\u001b[49m \u001b[38;5;241m=\u001b[39m labels\n\u001b[0;32m      9\u001b[0m cluster_labels \u001b[38;5;241m=\u001b[39m clustering\u001b[38;5;241m.\u001b[39mlabels_\n",
      "File \u001b[1;32m~\\AppData\\Local\\Programs\\Python\\Python311\\Lib\\site-packages\\pandas\\core\\frame.py:4311\u001b[0m, in \u001b[0;36mDataFrame.__setitem__\u001b[1;34m(self, key, value)\u001b[0m\n\u001b[0;32m   4308\u001b[0m     \u001b[38;5;28mself\u001b[39m\u001b[38;5;241m.\u001b[39m_setitem_array([key], value)\n\u001b[0;32m   4309\u001b[0m \u001b[38;5;28;01melse\u001b[39;00m:\n\u001b[0;32m   4310\u001b[0m     \u001b[38;5;66;03m# set column\u001b[39;00m\n\u001b[1;32m-> 4311\u001b[0m     \u001b[38;5;28;43mself\u001b[39;49m\u001b[38;5;241;43m.\u001b[39;49m\u001b[43m_set_item\u001b[49m\u001b[43m(\u001b[49m\u001b[43mkey\u001b[49m\u001b[43m,\u001b[49m\u001b[43m \u001b[49m\u001b[43mvalue\u001b[49m\u001b[43m)\u001b[49m\n",
